     255        7
     254        8
     253        8
     252        8
     251        8
     250        8
     249        8
     248        8
     247        8
     246        9
     245        9
     244        9
     243       10
     242       10
     241       10
     240       10
     241       11
     240       12
     239       12
     238       12
     237       12
     236       12
     236       13
     237       14
     238       14
     239       15
     240       16
     241       16
     242       17
     242       18
     243       18
     244       18
     245       18
     246       18
     247       18
     248       19
     249       20
     250       20
     251       20
     252       20
     253       19
     254       20
     255       20
     256       20
     257       20
     258       21
     257       22
     258       21
     259       21
     260       21
     261       21
     262       21
     263       20
     264       21
     265       21
     266       21
     267       20
     268       20
     269       20
     270       20
     271       20
     272       19
     273       19
     274       19
     275       19
     276       19
     277       18
     278       18
     279       18
     280       18
     281       17
     282       16
     283       16
     284       16
     285       16
     286       16
     287       16
     288       15
     289       16
     290       16
     291       16
     292       16
     293       17
     294       17
     295       18
     296       19
     296       20
     297       20
     298       21
     298       22
     299       22
     300       23
     300       24
     301       25
     302       26
     303       27
     303       28
     304       29
     304       30
     305       31
     306       32
     307       32
     308       33
     308       34
     309       34
     310       35
     311       36
     312       37
     313       38
     314       38
     315       38
     316       39
     316       40
     317       40
     318       41
     318       42
     319       42
     320       43
     320       44
     320       45
     321       46
     322       45
     323       46
     323       47
     323       48
     324       48
     325       48
     326       48
     327       48
     328       49
     328       50
     329       51
     330       51
     331       52
     332       53
     333       54
     334       55
     335       56
     335       57
     336       58
     337       59
     338       59
     339       60
     339       61
     340       61
     341       61
     342       62
     341       63
     342       63
     343       64
     342       65
     343       65
     344       65
     345       66
     344       67
     345       67
     346       68
     345       69
     346       69
     347       70
     346       71
     347       71
     348       71
     349       72
     348       73
     349       73
     350       74
     350       75
     351       75
     352       76
     353       77
     354       77
     355       77
     356       78
     355       79
     356       79
     357       80
     358       80
     359       81
     360       81
     361       82
     362       83
     363       83
     364       83
     365       83
     366       84
     367       83
     368       83
     369       83
     370       84
     371       84
     372       84
     373       85
     374       85
     375       86
     376       86
     377       87
     378       87
     379       87
     380       88
     381       88
     382       89
     383       89
     384       89
     385       89
     386       90
     387       90
     388       91
     389       91
     390       91
     391       92
     392       93
     393       93
     394       93
     395       94
     394       95
     395       94
     396       94
     397       95
     398       96
     399       96
     400       97
     401       97
     402       97
     403       98
     404       98
     405       99
     406       99
     407       99
     408       99
     409      100
     409      101
     410      101
     411      101
     412      102
     413      103
     414      103
     415      104
     415      105
     416      105
     417      106
     418      106
     419      107
     420      108
     421      108
     422      109
     423      110
     424      110
     425      111
     426      111
     427      111
     428      112
     429      112
     430      113
     431      113
     432      113
     433      114
     434      114
     435      114
     436      115
     437      115
     438      115
     439      115
     440      114
     441      114
     442      114
     443      114
     444      115
     445      115
     446      115
     447      115
     448      115
     449      115
     450      116
     451      116
     452      116
     453      116
     454      116
     455      116
     456      116
     457      116
     458      116
     459      117
     460      117
     461      117
     462      117
     463      117
     464      118
     465      118
     466      119
     467      119
     468      119
     469      120
     470      120
     471      120
     472      121
     473      122
     474      123
     475      123
     476      124
     477      125
     478      126
     479      127
     480      128
     480      129
     481      129
     482      130
     482      131
     483      131
     484      131
     485      132
     486      133
     487      133
     488      134
     489      134
     490      134
     491      134
     492      135
     493      135
     494      136
     494      137
     495      137
     496      137
     497      138
     498      139
     498      140
     499      141
     500      142
     500      143
     501      144
     501      145
     502      146
     502      147
     502      148
     503      149
     503      150
     504      151
     505      152
     505      153
     506      153
     507      154
     508      155
     509      155
     510      155
     511      155
     512      156
     513      156
     514      156
     515      156
     516      156
     517      156
     518      156
     519      156
     520      156
     521      156
     522      156
     523      155
     524      155
     525      155
     526      155
     527      156
     528      156
     529      155
     530      156
     531      157
     532      157
     533      157
     534      158
     535      158
     536      159
     536      160
     537      160
     538      161
     538      162
     539      163
     539      164
     540      165
     541      166
     541      167
     541      168
     542      169
     542      170
     543      171
     543      172
     543      173
     543      174
     544      175
     545      176
     546      177
     546      178
     546      179
     547      180
     547      181
     548      182
     548      183
     549      184
     550      185
     551      186
     552      187
     551      188
     552      188
     553      189
     553      190
     554      190
     555      191
     556      192
     557      193
     557      194
     558      195
     559      196
     560      197
     561      198
     562      199
     562      200
     563      200
     564      201
     564      202
     565      203
     565      204
     566      205
     566      206
     567      207
     567      208
     568      209
     568      210
     568      211
     569      211
     570      212
     571      213
     570      214
     571      214
     572      215
     573      215
     574      216
     575      216
     576      217
     577      218
     578      219
     579      219
     580      219
     581      220
     582      220
     583      220
     584      221
     585      221
     586      222
     587      223
     588      223
     589      223
     590      224
     591      224
     592      225
     593      225
     594      226
     595      226
     596      227
     597      227
     598      227
     599      227
     600      226
     601      226
     602      225
     603      224
     604      223
     604      222
     604      221
     604      220
     604      219
     604      218
     604      217
     604      216
     604      215
     604      214
     604      213
     604      212
     604      211
     604      210
     604      209
     604      208
     604      207
     604      206
     604      205
     604      204
     604      203
     604      202
     604      201
     604      200
     604      199
     604      198
     604      197
     604      196
     604      195
     604      194
     604      193
     604      192
     604      191
     604      190
     604      189
     604      188
     604      187
     604      186
     604      185
     604      184
     604      183
     604      182
     604      181
     604      180
     604      179
     604      178
     604      177
     604      176
     604      175
     604      174
     604      173
     604      172
     604      171
     604      170
     604      169
     604      168
     604      167
     604      166
     604      165
     604      164
     604      163
     604      162
     604      161
     604      160
     604      159
     604      158
     604      157
     604      156
     604      155
     604      154
     604      153
     604      152
     604      151
     604      150
     604      149
     604      148
     604      147
     604      146
     604      145
     604      144
     604      143
     604      142
     604      141
     604      140
     604      139
     604      138
     604      137
     604      136
     604      135
     604      134
     604      133
     604      132
     604      131
     604      130
     604      129
     604      128
     604      127
     604      126
     604      125
     604      124
     604      123
     604      122
     604      121
     604      120
     604      119
     604      118
     604      117
     604      116
     604      115
     604      114
     604      113
     604      112
     604      111
     604      110
     604      109
     604      108
     604      107
     604      106
     604      105
     604      104
     604      103
     604      102
     604      101
     604      100
     604       99
     604       98
     604       97
     604       96
     604       95
     604       94
     604       93
     604       92
     604       91
     604       90
     604       89
     604       88
     604       87
     604       86
     604       85
     604       84
     604       83
     604       82
     604       81
     604       80
     604       79
     604       78
     604       77
     604       76
     604       75
     604       74
     604       73
     604       72
     604       71
     604       70
     604       69
     604       68
     604       67
     604       66
     604       65
     604       64
     604       63
     604       62
     604       61
     604       60
     604       59
     604       58
     604       57
     604       56
     604       55
     604       54
     604       53
     604       52
     604       51
     604       50
     604       49
     604       48
     604       47
     604       46
     604       45
     604       44
     604       43
     604       42
     604       41
     604       40
     604       39
     604       38
     604       37
     604       36
     604       35
     604       34
     604       33
     604       32
     604       31
     604       30
     604       29
     604       28
     604       27
     604       26
     604       25
     604       24
     604       23
     604       22
     604       21
     604       20
     604       19
     604       18
     604       17
     604       16
     604       15
     604       14
     604       13
     604       12
     604       11
     604       10
     604        9
     604        8
     604        7
     603        7
     602        7
     601        7
     600        7
     599        7
     598        7
     597        7
     596        7
     595        7
     594        7
     593        7
     592        7
     591        7
     590        7
     589        7
     588        7
     587        7
     586        7
     585        7
     584        7
     583        7
     582        7
     581        7
     580        7
     579        7
     578        7
     577        7
     576        7
     575        7
     574        7
     573        7
     572        7
     571        7
     570        7
     569        7
     568        7
     567        7
     566        7
     565        7
     564        7
     563        7
     562        7
     561        7
     560        7
     559        7
     558        7
     557        7
     556        7
     555        7
     554        7
     553        7
     552        7
     551        7
     550        7
     549        7
     548        7
     547        7
     546        7
     545        7
     544        7
     543        7
     542        7
     541        7
     540        7
     539        7
     538        7
     537        7
     536        7
     535        7
     534        7
     533        7
     532        7
     531        7
     530        7
     529        7
     528        7
     527        7
     526        7
     525        7
     524        7
     523        7
     522        7
     521        7
     520        7
     519        7
     518        7
     517        7
     516        7
     515        7
     514        7
     513        7
     512        7
     511        7
     510        7
     509        7
     508        7
     507        7
     506        8
     505        8
     504        9
     503       10
     502       10
     501       11
     500       11
     500       12
     499       13
     498       13
     498       14
     498       15
     497       16
     497       17
     497       18
     498       19
     497       20
     497       21
     496       22
     497       23
     497       24
     497       25
     497       26
     497       27
     497       28
     497       29
     498       30
     498       31
     497       32
     496       33
     497       34
     497       35
     497       36
     497       37
     497       38
     497       39
     497       40
     497       41
     497       42
     497       43
     496       44
     497       45
     496       46
     496       47
     495       48
     495       49
     495       50
     494       51
     494       52
     493       53
     494       54
     493       55
     493       56
     492       57
     492       58
     492       59
     491       60
     491       61
     491       62
     490       63
     490       64
     490       65
     491       66
     490       67
     490       68
     490       69
     490       70
     490       71
     490       72
     490       73
     490       74
     490       75
     489       76
     489       77
     489       78
     489       79
     489       80
     488       81
     489       82
     490       83
     489       84
     490       84
     491       85
     490       86
     491       86
     492       87
     492       88
     493       89
     493       90
     494       91
     494       92
     494       93
     494       94
     494       95
     493       96
     492       97
     491       98
     490       99
     489      100
     488      101
     487      102
     486      102
     485      102
     484      101
     483      102
     482      102
     481      103
     480      102
     479      102
     478      102
     477      102
     476      102
     475      102
     474      102
     473      101
     472      102
     471      101
     470      101
     469      101
     468      101
     467      101
     466      101
     465      100
     464      100
     463      100
     462      100
     461      100
     460      100
     459       99
     458       99
     457       98
     456       98
     455       98
     454       98
     453       98
     452       97
     451       97
     450       97
     449       96
     448       96
     447       95
     446       95
     445       94
     444       95
     443       95
     442       94
     441       94
     440       93
     439       93
     438       93
     437       92
     436       92
     435       92
     434       92
     433       91
     432       92
     431       91
     430       92
     429       91
     429       90
     428       90
     427       90
     426       90
     425       89
     424       89
     423       89
     422       88
     421       88
     420       88
     419       88
     418       88
     417       87
     416       86
     415       87
     414       86
     413       85
     412       85
     411       85
     410       85
     409       84
     408       84
     407       84
     406       83
     405       83
     404       83
     403       82
     402       82
     401       82
     400       81
     400       80
     399       80
     398       81
     397       80
     396       80
     395       79
     394       78
     393       78
     392       78
     391       78
     390       78
     389       77
     388       77
     387       76
     386       76
     385       75
     385       74
     384       73
     383       73
     382       72
     381       72
     380       71
     380       70
     379       70
     378       70
     377       70
     376       69
     377       68
     376       67
     375       67
     374       66
     373       65
     372       64
     371       63
     370       63
     369       62
     368       61
     367       60
     366       60
     365       59
     365       58
     364       58
     363       58
     362       57
     363       56
     362       56
     361       56
     360       55
     360       54
     359       54
     358       54
     357       53
     357       52
     356       51
     355       52
     354       52
     353       52
     352       51
     351       51
     350       50
     351       49
     350       48
     349       47
     348       47
     347       46
     348       45
     347       45
     346       45
     345       45
     344       44
     343       43
     342       43
     341       43
     340       42
     340       41
     339       41
     338       40
     339       39
     338       38
     337       38
     336       37
     336       36
     335       35
     334       35
     333       34
     334       33
     335       33
     334       33
     333       32
     334       31
     333       31
     332       31
     331       30
     332       29
     333       29
     332       29
     331       28
     331       27
     330       26
     331       25
     330       24
     331       23
     330       23
     329       22
     329       21
     328       20
     329       19
     328       18
     328       17
     328       16
     328       15
     327       15
     326       14
     327       13
     326       13
     325       13
     324       12
     325       11
     324       11
     323       11
     322       10
     323        9
     324        9
     323        9
     322        9
     321        8
     322        7
     323        7
     322        7
     321        7
     320        7
     319        7
     318        7
     317        7
     316        7
     315        7
     314        7
     313        7
     312        7
     311        7
     310        7
     309        7
     308        7
     307        7
     306        7
     305        7
     304        7
     303        7
     302        7
     301        7
     300        7
     299        7
     298        7
     297        7
     296        7
     295        7
     294        7
     293        7
     292        7
     291        7
     290        7
     289        7
     288        7
     287        7
     286        7
     285        7
     284        7
     283        7
     282        7
     281        7
     280        7
     279        7
     278        7
     277        7
     276        7
     275        7
     274        7
     273        7
     272        7
     271        7
     270        7
     269        7
     268        7
     267        7
     266        7
     265        7
     264        7
     263        7
     262        8
     261        8
     260        7
     259        7
     258        7
     257        7
     256        8
